Lens_id,Source_id,MinDist,Mintime,0.1MsolShift,0.5MsolShift,1.0MsolShift
6445776038962535168,6445776043257027968,585.60272202,2024.42970066,0.0337019286187,0.168432095824,0.3366705241
4278725447677299072,4278722497031267840,585.517993858,2024.94689715,0.0456764059276,0.228239589416,0.456123577606
6660396241940732672,6660396246233067264,245.095373067,2021.59825127,0.023934399776,0.119578580827,0.23892402632
4451575891106144128,4451575895400387968,417.431090388,2019.6072137,0.0561756899996,0.280576381997,0.560399418856
3904527693320163712,3904527693322707456,116.297287778,2022.39716952,0.0873299752167,0.434042426498,0.861653163367
2034581292936149120,2034581091094580480,467.878656183,2024.63240882,0.123182874543,0.614619838118,1.22601860451
1366264109431411456,1366264109437258880,390.580879277,2023.40226706,0.024347478254,0.121676711984,0.243201895777
1584940239003305856,1584939865341216000,342.151893973,2021.53963247,0.0280658859728,0.140237403205,0.280245078953



4278725447677299072,4278722497031268224,30.2536316005,2023.6371342,0.835319468814,3.42096048491,5.57999388386

Source Gmag 20.28462264
Lens Gmag = 11.41167856


5332606518269523072,5332606346467258496,260.768554854,2019.89815372,0.666835687881,3.26733673781,6.37492247785

Lawd37 mas 0.75 solar masses: centroid shift: 4.84035716245 [mas]